ee 0.9 3200 2080.0 3460.0 0.900265575653
ee 0.9 1800 1200.0 2040.0 0.900191703716
ee 0.9 3600 2320.0 3870.0 0.900334710155
ee 0.9 2200 1440.0 2430.0 0.900410990182
ee 0.9 4800 3000.0 5080.0 0.900028532706
ee 0.9 0800 600.0 1030.0 0.902249865622
ee 0.9 1200 820.0 1430.0 0.900209979002
ee 0.9 2600 1720.0 2880.0 0.900262564254
ee 0.9 4400 2810.0 4700.0 0.900021070375
ee 0.9 5000 3130.0 5310.0 0.900109151086
ee 0.9 3000 1960.0 3270.0 0.900389217241
ee 0.9 1600 1060.0 1830.0 0.900089016998
ee 0.9 4000 2580.0 4280.0 0.900480124267
ee 0.9 3400 2220.0 3680.0 0.900521702097
ee 0.9 2000 1310.0 2240.0 0.900232109839
ee 0.9 1400 920.0 1630.0 0.901131490099
ee 0.9 3800 2450.0 4090.0 0.90005275189
ee 0.9 5200 3190.0 5490.0 0.900301585075
ee 0.9 4200 2630.0 4450.0 0.900041955108
ee 0.9 5800 3440.0 6080.0 0.900092113654
ee 0.9 2800 1840.0 3080.0 0.900151509552
ee 0.9 1000 700.0 1240.0 0.90085019056
ee 0.9 5600 3400.0 5890.0 0.900059301636
ee 0.9 6000 3570.0 6250.0 0.900162484203
mumu 0.9 3200 2050.0 3520.0 0.90004841573
mumu 0.9 1800 1180.0 2040.0 0.900282443883
mumu 0.9 3600 2340.0 3980.0 0.900421018973
mumu 0.9 5400 3270.0 5960.0 0.900188637372
mumu 0.9 2200 1430.0 2460.0 0.900053795408
mumu 0.9 4800 3000.0 5310.0 0.900023885984
mumu 0.9 0800 600.0 1020.0 0.902479857696
mumu 0.9 1200 770.0 1420.0 0.900603274921
mumu 0.9 2600 1750.0 2930.0 0.900036118134
mumu 0.9 4400 2810.0 4890.0 0.900039593507
mumu 0.9 5000 3070.0 5510.0 0.900168803081
mumu 0.9 3000 1940.0 3320.0 0.900178108808
mumu 0.9 1600 1060.0 1850.0 0.900203536446
mumu 0.9 4000 2580.0 4440.0 0.900037131339
mumu 0.9 3400 2200.0 3750.0 0.900046024312
mumu 0.9 2000 1320.0 2250.0 0.900173010381
mumu 0.9 1400 920.0 1630.0 0.900279651258
mumu 0.9 3800 2440.0 4190.0 0.900183955851
mumu 0.9 2400 1550.0 2690.0 0.900086037024
mumu 0.9 5200 3150.0 5690.0 0.900242065627
mumu 0.9 4200 2660.0 4620.0 0.900237529691
mumu 0.9 5800 3550.0 6380.0 0.900016417665
mumu 0.9 2800 1850.0 3120.0 0.900766504574
mumu 0.9 1000 680.0 1230.0 0.900224122188
mumu 0.9 5600 3370.0 6140.0 0.900226025186
mumu 0.9 4600 2900.0 5090.0 0.900106695119
mumu 0.9 6000 3680.0 6480.0 0.900281800173
