#mass low hi
EE 0 600 6500
EE 0800 600 1030
EE 1000 700 1240
EE 1200 820 1430
EE 1400 920 1630
EE 1600 1060 1830
EE 1800 1200 2040
EE 2000 1310 2240
EE 2200 1440 2430
EE 2600 1720 2880
EE 2800 1840 3080
EE 3000 1960 3270
EE 3200 2080 3460
EE 3400 2220 3680
EE 3600 2320 3870
EE 3800 2450 4090
EE 4000 2580 4280
EE 4200 2630 4450
EE 4400 2810 4700
EE 4800 3000 5080
EE 5000 3130 5310
EE 5200 3190 5490
EE 5600 3400 5890
EE 5800 3440 6080
EE 6000 3570 6250
MuMu 0 600 6500
MuMu 0800 600 1020
MuMu 1000 680 1230
MuMu 1200 770 1420
MuMu 1400 920 1630
MuMu 1600 1060 1850
MuMu 1800 1180 2040
MuMu 2000 1320 2250
MuMu 2200 1430 2460
MuMu 2400 1550 2690
MuMu 2600 1750 2930
MuMu 2800 1850 3120
MuMu 3000 1940 3320
MuMu 3200 2050 3520
MuMu 3400 2200 3750
MuMu 3600 2340 3980
MuMu 3800 2440 4190
MuMu 4000 2580 4440
MuMu 4200 2660 4620
MuMu 4400 2810 4890
MuMu 4600 2900 5090
MuMu 4800 3000 5310
MuMu 5000 3070 5510
MuMu 5200 3150 5690
MuMu 5400 3270 5960
MuMu 5600 3370 6140
MuMu 5800 3550 6380
MuMu 6000 3680 6480
