#WR mass	Nu mass	efficiencyFraction
800	100	1.41
800	200	15.22
800	300	25.1
800	400	31.85
800	500	34.76
800	600	33.03
800	700	24.1
900	100	0.74
900	200	13.66
900	300	23.28
900	400	28.54
900	500	29.48
900	600	28.74
900	700	25.9
900	800	18.35
1000	100	0.6
1000	200	13.13
1000	300	25.61
1000	400	31.48
1000	500	32.86
1000	600	34.48
1000	700	33.48
1000	800	31.12
1000	900	22.72
1100	100	0.53
1100	200	12.05
1100	300	24.39
1100	400	31.47
1100	500	34.11
1100	600	36.06
1100	700	35.87
1100	800	34.99
1100	900	32.1
1100	1000	23.74
1200	100	0.32
1200	200	10.99
1200	300	25.8
1200	400	33.3
1200	500	37.39
1200	600	39.51
1200	700	40.32
1200	800	39.88
1200	900	37.54
1200	1000	35.52
1200	1100	27.43
1300	100	0.18
1300	200	9.22
1300	300	22.74
1300	400	33.26
1300	500	36.62
1300	600	40.22
1300	700	40.68
1300	800	40.21
1300	900	40.48
1300	1000	39.62
1300	1100	35.57
1300	1200	28.4
1400	100	0.15
1400	200	8.55
1400	300	22.63
1400	400	33.21
1400	500	39.47
1400	600	43.22
1400	700	43.67
1400	800	44.2
1400	900	45.79
1400	1000	43.22
1400	1100	43.29
1400	1200	39.94
1400	1300	31.83
1500	100	0.2
1500	200	6.9
1500	300	21.21
1500	400	32.45
1500	500	38.31
1500	600	42.87
1500	700	45.04
1500	800	46.08
1500	900	46.38
1500	1000	45.78
1500	1100	44.67
1500	1200	44.16
1500	1300	40.44
1500	1400	32.41
1600	100	0.17
1600	200	5.75
1600	300	20.82
1600	400	32.84
1600	500	39.37
1600	600	44.49
1600	700	47.05
1600	800	47.75
1600	900	48.33
1600	1000	49.57
1600	1100	48.36
1600	1200	48.05
1600	1300	46.67
1600	1400	43.75
1600	1500	36.25
1700	100	0.1
1700	200	4.92
1700	300	18.36
1700	400	31.3
1700	500	38.84
1700	600	43.54
1700	700	47.72
1700	800	47.6
1700	900	50.23
1700	1000	48.96
1700	1100	48.82
1700	1200	48.42
1700	1300	48.07
1700	1400	46.27
1700	1500	43.75
1700	1600	35.78
1800	100	0.16
1800	200	4.69
1800	300	17.47
1800	400	30.45
1800	500	39.64
1800	600	44.62
1800	700	47.49
1800	800	50.07
1800	900	51.45
1800	1000	52.53
1800	1100	52.27
1800	1200	51.81
1800	1300	51.38
1800	1400	50.92
1800	1500	49.32
1800	1600	46.96
1800	1700	38.77
1900	100	0.05
1900	200	3.91
1900	300	15.65
1900	400	29
1900	500	37.43
1900	600	43.48
1900	700	46.52
1900	800	49.18
1900	900	51.61
1900	1000	51.68
1900	1100	52.45
1900	1200	51.47
1900	1300	51.82
1900	1400	51.24
1900	1500	50.54
1900	1600	48.55
1900	1700	46.2
1900	1800	37.5
2000	100	0.03
2000	200	3.41
2000	300	14.79
2000	400	28.43
2000	500	37.87
2000	600	43.51
2000	700	48.77
2000	800	50.79
2000	900	52.46
2000	1000	54.19
2000	1100	54.77
2000	1200	54.39
2000	1300	55.13
2000	1400	54.56
2000	1500	53.4
2000	1600	53.34
2000	1700	53.02
2000	1800	50.15
2000	1900	40.93
2100	100	0.08
2100	200	2.7
2100	300	12.72
2100	400	25.49
2100	500	36.7
2100	600	44.18
2100	700	48.13
2100	800	51.54
2100	900	52.85
2100	1000	54.88
2100	1100	55.2
2100	1200	55.13
2100	1300	56.12
2100	1400	55.93
2100	1500	54.81
2100	1600	55.44
2100	1700	55.1
2100	1800	53.44
2100	1900	50.38
2100	2000	42.9
2200	100	0.03
2200	200	2.3
2200	300	11.98
2200	400	24.78
2200	500	36.09
2200	600	44.24
2200	700	47.84
2200	800	52.08
2200	900	54.77
2200	1000	55.61
2200	1100	56.55
2200	1200	57.71
2200	1300	57.69
2200	1400	58.07
2200	1500	57.75
2200	1600	57.55
2200	1700	56.36
2200	1800	55.43
2200	1900	55.82
2200	2000	53.33
2200	2100	46.69
2300	100	0.05
2300	200	2.34
2300	300	10.83
2300	400	24.11
2300	500	34.37
2300	600	43.08
2300	700	47.75
2300	800	51.99
2300	900	54.63
2300	1000	56.18
2300	1100	57.33
2300	1200	58.74
2300	1300	58.35
2300	1400	57.94
2300	1500	57.44
2300	1600	57.83
2300	1700	58.04
2300	1800	56.59
2300	1900	57.34
2300	2000	56.67
2300	2100	54.73
2300	2200	48.1
2400	100	0.03
2400	200	1.98
2400	300	10.12
2400	400	22.35
2400	500	33.53
2400	600	42.24
2400	700	47.61
2400	800	51.6
2400	900	54.52
2400	1000	56.05
2400	1100	58.53
2400	1200	59.36
2400	1300	59.4
2400	1400	60.59
2400	1500	59.55
2400	1600	59.11
2400	1700	59.51
2400	1800	59.26
2400	1900	58.03
2400	2000	58.25
2400	2100	57.92
2400	2200	56.17
2400	2300	49.57
2500	100	0.04
2500	200	1.84
2500	300	9.18
2500	400	21.1
2500	500	31.94
2500	600	41.16
2500	700	47.34
2500	800	53.08
2500	900	54.64
2500	1000	56.34
2500	1100	58.43
2500	1200	59.09
2500	1300	60.02
2500	1400	60.11
2500	1500	59.92
2500	1600	60.83
2500	1700	60.41
2500	1800	60.38
2500	1900	60.44
2500	2000	60.08
2500	2100	59.71
2500	2200	58.82
2500	2300	58.7
2500	2400	52.57
2600	100	0.01
2600	200	1.58
2600	300	8.82
2600	400	19.37
2600	500	30.39
2600	600	40.21
2600	700	46.49
2600	800	51.93
2600	900	53.97
2600	1000	56.37
2600	1100	59.44
2600	1200	58.83
2600	1300	60.39
2600	1400	61.52
2600	1500	61.55
2600	1600	61.42
2600	1700	61.86
2600	1800	60.74
2600	1900	60.6
2600	2000	60.48
2600	2100	60.31
2600	2200	60.21
2600	2300	60
2600	2400	57.91
2600	2500	52.36
2700	100	0.04
2700	200	1.57
2700	300	7.69
2700	400	17.97
2700	500	29.8
2700	600	38.91
2700	700	44.56
2700	800	51.19
2700	900	53.97
2700	1000	56.47
2700	1100	58.92
2700	1200	60.27
2700	1300	60.9
2700	1400	61.41
2700	1500	62.72
2700	1600	62.33
2700	1700	62.09
2700	1800	62.98
2700	1900	61.71
2700	2000	61.74
2700	2100	62.32
2700	2200	62.24
2700	2300	61.51
2700	2400	60.59
2700	2500	59.7
2700	2600	56.13
2800	100	0.01
2800	200	1.39
2800	300	6.18
2800	400	16.85
2800	500	27.77
2800	600	37
2800	700	45.15
2800	800	50.03
2800	900	52.91
2800	1000	56.5
2800	1100	58.5
2800	1200	59.5
2800	1300	61.45
2800	1400	62.58
2800	1500	62.01
2800	1600	63.14
2800	1700	62.91
2800	1800	62.98
2800	1900	62.08
2800	2000	62.52
2800	2100	63.4
2800	2200	62.37
2800	2300	63.06
2800	2400	61.68
2800	2500	61.21
2800	2600	59.48
2800	2700	54.83
2900	100	0.02
2900	200	1.14
2900	300	6.1
2900	400	15.67
2900	500	27.06
2900	600	35.7
2900	700	44.38
2900	800	49.34
2900	900	53
2900	1000	56.41
2900	1100	58.79
2900	1200	60.48
2900	1300	62.04
2900	1400	61.23
2900	1500	62.69
2900	1600	62.5
2900	1700	63.98
2900	1800	63.99
2900	1900	63.91
2900	2000	62.52
2900	2100	62.92
2900	2200	64.02
2900	2300	62.75
2900	2400	64.15
2900	2500	63.36
2900	2600	62.66
2900	2700	61.29
2900	2800	58.4
3000	100	0
3000	200	1
3000	300	5.27
3000	400	14.49
3000	500	24.53
3000	600	35.08
3000	700	43.52
3000	800	48.55
3000	900	53.08
3000	1000	55.19
3000	1100	58.52
3000	1200	60.56
3000	1300	61.34
3000	1400	62.85
3000	1500	62.63
3000	1600	63.62
3000	1700	63.03
3000	1800	64.26
3000	1900	64.16
3000	2000	63.41
3000	2100	63.76
3000	2200	63.54
3000	2300	63.11
3000	2400	63.55
3000	2500	63.52
3000	2600	63.55
3000	2700	62.66
3000	2800	61.11
3000	2900	56.12
3100	100	0.02
3100	200	0.73
3100	300	5.26
3100	400	13.12
3100	500	23.81
3100	600	33.34
3100	700	42.61
3100	800	48.06
3100	900	53.27
3100	1000	54.6
3100	1100	57.36
3100	1200	60.14
3100	1300	60.97
3100	1400	62.85
3100	1500	62.9
3100	1600	63.03
3100	1700	64.12
3100	1800	64.82
3100	1900	64.75
3100	2000	64.99
3100	2100	64.97
3100	2200	65.24
3100	2300	65.42
3100	2400	64.49
3100	2500	65.4
3100	2600	65.7
3100	2700	64.78
3100	2800	64.36
3100	2900	63.12
3100	3000	59.27
3200	100	0.02
3200	200	0.91
3200	300	4.64
3200	400	12.09
3200	500	21.86
3200	600	31.58
3200	700	40.18
3200	800	46.22
3200	900	51.36
3200	1000	55.3
3200	1100	57.92
3200	1200	59.1
3200	1300	60.48
3200	1400	62.77
3200	1500	63.43
3200	1600	64.14
3200	1700	63.86
3200	1800	64.87
3200	1900	64.28
3200	2000	64
3200	2100	64.92
3200	2200	64.91
3200	2300	64.64
3200	2400	65.23
3200	2500	64.7
3200	2600	64.81
3200	2700	64.39
3200	2800	64.47
3200	2900	63.64
3200	3000	62.56
3200	3100	58.48
3300	100	0.01
3300	200	0.69
3300	300	4.14
3300	400	11.16
3300	500	20.3
3300	600	30.91
3300	700	39.53
3300	800	45.38
3300	900	51.02
3300	1000	53.1
3300	1100	56.11
3300	1200	59.94
3300	1300	61.28
3300	1400	61.64
3300	1500	64.07
3300	1600	64.46
3300	1700	65.19
3300	1800	64.53
3300	1900	65.47
3300	2000	66.43
3300	2100	65.94
3300	2200	65.32
3300	2300	65.63
3300	2400	65.46
3300	2500	65.29
3300	2600	66.51
3300	2700	65.19
3300	2800	66.03
3300	2900	66.57
3300	3000	65.89
3300	3100	64.28
3300	3200	61.52
3400	100	0.02
3400	200	0.61
3400	300	3.57
3400	400	10.23
3400	500	19.63
3400	600	29.03
3400	700	38.22
3400	800	44.53
3400	900	49.63
3400	1000	53.42
3400	1100	56.93
3400	1200	60.39
3400	1300	60.05
3400	1400	62.04
3400	1500	63.76
3400	1600	63.44
3400	1700	64.37
3400	1800	64.84
3400	1900	64.92
3400	2000	64.82
3400	2100	65.75
3400	2200	65.56
3400	2300	65.92
3400	2400	65.8
3400	2500	66.25
3400	2600	65.4
3400	2700	66.26
3400	2800	66.31
3400	2900	66.2
3400	3000	65.54
3400	3100	65.42
3400	3200	64.59
3400	3300	59.86
3500	100	0
3500	200	0.44
3500	300	2.89
3500	400	9.69
3500	500	18.79
3500	600	27.84
3500	700	36.57
3500	800	43.65
3500	900	48.93
3500	1000	52.42
3500	1100	55.97
3500	1200	58.13
3500	1300	60.9
3500	1400	62.16
3500	1500	63.77
3500	1600	63.67
3500	1700	64.97
3500	1800	65.78
3500	1900	66.01
3500	2000	66.52
3500	2100	66.33
3500	2200	66.78
3500	2300	67.36
3500	2400	67.06
3500	2500	66.16
3500	2600	66.98
3500	2700	68.09
3500	2800	67.11
3500	2900	67.11
3500	3000	67.1
3500	3100	67.36
3500	3200	67.27
3500	3300	65.36
3500	3400	63.9
3600	100	0.02
3600	200	0.34
3600	300	3.31
3600	400	9.08
3600	500	16.97
3600	600	26.54
3600	700	34.85
3600	800	41.49
3600	900	46.71
3600	1000	50.97
3600	1100	54.97
3600	1200	57.85
3600	1300	59.72
3600	1400	61.01
3600	1500	63.17
3600	1600	63.96
3600	1700	64.78
3600	1800	65.89
3600	1900	65.72
3600	2000	66.27
3600	2100	66.19
3600	2200	66.27
3600	2300	65.64
3600	2400	66.61
3600	2500	66.5
3600	2600	66.8
3600	2700	66.4
3600	2800	66.41
3600	2900	67.16
3600	3000	66.78
3600	3100	66.64
3600	3200	66.82
3600	3300	67.01
3600	3400	65.42
3600	3500	61.14
3700	100	0.01
3700	200	0.37
3700	300	2.57
3700	400	7.88
3700	500	16.09
3700	600	24.77
3700	700	33.35
3700	800	40.07
3700	900	46.38
3700	1000	50.65
3700	1100	54.08
3700	1200	56.48
3700	1300	58.83
3700	1400	61.17
3700	1500	62.41
3700	1600	64
3700	1700	65.48
3700	1800	65.39
3700	1900	66.89
3700	2000	67.06
3700	2100	66.25
3700	2200	67.2
3700	2300	67.87
3700	2400	67.47
3700	2500	68.15
3700	2600	67.65
3700	2700	67.82
3700	2800	67.48
3700	2900	67.79
3700	3000	67.99
3700	3100	67.8
3700	3200	68.39
3700	3300	67.06
3700	3400	67.89
3700	3500	66.42
3700	3600	64.09
3800	100	0
3800	200	0.32
3800	300	2.48
3800	400	7.26
3800	500	15.06
3800	600	23.07
3800	700	31.76
3800	800	38.94
3800	900	44.82
3800	1000	49.33
3800	1100	53.82
3800	1200	56.65
3800	1300	58.37
3800	1400	60.91
3800	1500	61.14
3800	1600	63.03
3800	1700	63.51
3800	1800	64.65
3800	1900	64.94
3800	2000	66.33
3800	2100	66.66
3800	2200	67.78
3800	2300	67.06
3800	2400	67.85
3800	2500	67.22
3800	2600	66.77
3800	2700	67.34
3800	2800	67.46
3800	2900	67.21
3800	3000	68.23
3800	3100	67.8
3800	3200	67.63
3800	3300	68.12
3800	3400	67.39
3800	3500	66.07
3800	3600	65.98
3800	3700	61.92
3900	100	0
3900	200	0.34
3900	300	2.34
3900	400	6.44
3900	500	14.5
3900	600	22.58
3900	700	31.06
3900	800	38.43
3900	900	43.84
3900	1000	49.6
3900	1100	53.42
3900	1200	56.17
3900	1300	58.5
3900	1400	61.4
3900	1500	61.74
3900	1600	63.14
3900	1700	64.89
3900	1800	65.24
3900	1900	66.65
3900	2000	66.19
3900	2100	67.33
3900	2200	68.3
3900	2300	68.92
3900	2400	68.56
3900	2500	67.48
3900	2600	68.49
3900	2700	68.67
3900	2800	69.36
3900	2900	68.27
3900	3000	69.12
3900	3100	69.83
3900	3200	68.5
3900	3300	69.06
3900	3400	68.35
3900	3500	70.15
3900	3600	68.98
3900	3700	67.42
3900	3800	65.44
4000	100	0
4000	200	0.16
4000	300	2
4000	400	5.83
4000	500	12.97
4000	600	20.59
4000	700	28.99
4000	800	36.34
4000	900	43.04
4000	1000	47.91
4000	1100	51.47
4000	1200	54.75
4000	1300	58.06
4000	1400	59.06
4000	1500	61.67
4000	1600	62.62
4000	1700	63.79
4000	1800	65.18
4000	1900	65.5
4000	2000	66.51
4000	2100	67.01
4000	2200	67.36
4000	2300	67.36
4000	2400	68.01
4000	2500	68.56
4000	2600	68.22
4000	2700	67.66
4000	2800	67.99
4000	2900	68.39
4000	3000	68.8
4000	3100	68.88
4000	3200	69.33
4000	3300	68.64
4000	3400	69.24
4000	3500	67.7
4000	3600	69.59
4000	3700	68.91
4000	3800	66.65
4000	3900	63.1
4100	100	0
4100	200	0.35
4100	300	1.99
4100	400	6.14
4100	500	11.83
4100	600	19.28
4100	700	27.98
4100	800	35.26
4100	900	42.24
4100	1000	47.35
4100	1100	51.09
4100	1200	54.08
4100	1300	58.4
4100	1400	58.83
4100	1500	61.64
4100	1600	63.02
4100	1700	64.77
4100	1800	64.84
4100	1900	66.58
4100	2000	66.72
4100	2100	67.81
4100	2200	68.23
4100	2300	68.49
4100	2400	68.96
4100	2500	69.26
4100	2600	69.71
4100	2700	68.93
4100	2800	69.99
4100	2900	69.78
4100	3000	70.54
4100	3100	69.55
4100	3200	70.34
4100	3300	69.96
4100	3400	69.99
4100	3500	69.88
4100	3600	70.21
4100	3700	68.99
4100	3800	69.25
4100	3900	68.69
4100	4000	66.89
4200	100	0
4200	200	0.3
4200	300	1.73
4200	400	5.52
4200	500	10.97
4200	600	17.63
4200	700	26.48
4200	800	34.21
4200	900	40.1
4200	1000	45.68
4200	1100	49.18
4200	1200	52.7
4200	1300	55.62
4200	1400	57.8
4200	1500	60.43
4200	1600	60.41
4200	1700	63.59
4200	1800	63.81
4200	1900	64.82
4200	2000	65.55
4200	2100	66.33
4200	2200	67.3
4200	2300	67.45
4200	2400	68.15
4200	2500	67.76
4200	2600	67.95
4200	2700	69.73
4200	2800	68.21
4200	2900	68.76
4200	3000	69.08
4200	3100	68.34
4200	3200	69.12
4200	3300	69.19
4200	3400	69.59
4200	3500	69.4
4200	3600	68.95
4200	3700	69.11
4200	3800	69.32
4200	3900	69.09
4200	4000	68.36
4200	4100	65.12
4300	100	0
4300	200	0.19
4300	300	1.41
4300	400	4.97
4300	500	9.8
4300	600	16.71
4300	700	24.19
4300	800	32.62
4300	900	39.17
4300	1000	44.97
4300	1100	48.79
4300	1200	51.54
4300	1300	55.83
4300	1400	58.51
4300	1500	60.43
4300	1600	62.1
4300	1700	62.62
4300	1800	63.43
4300	1900	65.93
4300	2000	66.68
4300	2100	67.05
4300	2200	68.86
4300	2300	68.9
4300	2400	68.85
4300	2500	69.14
4300	2600	69.58
4300	2700	70.39
4300	2800	70.26
4300	2900	70.24
4300	3000	70.74
4300	3100	70.64
4300	3200	70.16
4300	3300	70.56
4300	3400	70.61
4300	3500	71.35
4300	3600	70.19
4300	3700	71.27
4300	3800	70.71
4300	3900	70.41
4300	4000	69.81
4300	4100	68.61
4300	4200	66.98
4400	100	0
4400	200	0.23
4400	300	1.39
4400	400	4.4
4400	500	9.13
4400	600	16.12
4400	700	23.37
4400	800	31.02
4400	900	36.8
4400	1000	41.94
4400	1100	47.79
4400	1200	50.88
4400	1300	54.18
4400	1400	56.36
4400	1500	57.7
4400	1600	60.98
4400	1700	62.03
4400	1800	64.04
4400	1900	64.53
4400	2000	64.89
4400	2100	66.72
4400	2200	66.32
4400	2300	67.99
4400	2400	68.93
4400	2500	68.92
4400	2600	69.4
4400	2700	69.37
4400	2800	70.08
4400	2900	69.18
4400	3000	70.05
4400	3100	69.93
4400	3200	70.6
4400	3300	70.66
4400	3400	70.56
4400	3500	70.27
4400	3600	69.6
4400	3700	71.19
4400	3800	69.96
4400	3900	70.25
4400	4000	69.9
4400	4100	69.22
4400	4200	68.36
4400	4300	65.4
4500	100	0
4500	200	0.13
4500	300	1.29
4500	400	3.63
4500	500	8.39
4500	600	14.37
4500	700	21.35
4500	800	28.9
4500	900	36.34
4500	1000	41.48
4500	1100	46.78
4500	1200	50.01
4500	1300	53.61
4500	1400	57.29
4500	1500	58.4
4500	1600	60.53
4500	1700	62.19
4500	1800	63.6
4500	1900	65.52
4500	2000	65.59
4500	2100	67.4
4500	2200	68.49
4500	2300	68.34
4500	2400	69.17
4500	2500	69.69
4500	2600	69.79
4500	2700	70.23
4500	2800	70.81
4500	2900	70.95
4500	3000	71.81
4500	3100	70.75
4500	3200	71.22
4500	3300	70.47
4500	3400	70.98
4500	3500	71.93
4500	3600	71.84
4500	3700	70.56
4500	3800	71.45
4500	3900	71.18
4500	4000	72.18
4500	4100	71.9
4500	4200	71.52
4500	4300	69.94
4500	4400	68.19
4600	100	0.02
4600	200	0.1
4600	300	1.18
4600	400	3.69
4600	500	7.56
4600	600	13.5
4600	700	20.2
4600	800	27.04
4600	900	34.13
4600	1000	39.21
4600	1100	45.45
4600	1200	47.86
4600	1300	51.84
4600	1400	54.56
4600	1500	57.25
4600	1600	59.39
4600	1700	61.08
4600	1800	61.34
4600	1900	63.53
4600	2000	64.81
4600	2100	65.7
4600	2200	66.74
4600	2300	67.42
4600	2400	68.01
4600	2500	68.4
4600	2600	69.5
4600	2700	69.6
4600	2800	70.11
4600	2900	70.42
4600	3000	69.32
4600	3100	71.31
4600	3200	70.18
4600	3300	70.72
4600	3400	71.22
4600	3500	71.96
4600	3600	71.49
4600	3700	70.64
4600	3800	70.59
4600	3900	71.83
4600	4000	70.79
4600	4100	70.75
4600	4200	70.58
4600	4300	71.35
4600	4400	69.34
4600	4500	66.62
4700	100	0
4700	200	0.18
4700	300	1.06
4700	400	3.26
4700	500	7.15
4700	600	12.89
4700	700	19.18
4700	800	26.34
4700	900	33.03
4700	1000	38.45
4700	1100	43.31
4700	1200	46.97
4700	1300	51.13
4700	1400	54.13
4700	1500	56.48
4700	1600	57.74
4700	1700	61.32
4700	1800	63.29
4700	1900	63.84
4700	2000	64.84
4700	2100	66.79
4700	2200	67.83
4700	2300	68.31
4700	2400	68.94
4700	2500	69.3
4700	2600	70.19
4700	2700	70.62
4700	2800	70.49
4700	2900	71.58
4700	3000	71.56
4700	3100	71.46
4700	3200	72.64
4700	3300	71.98
4700	3400	71.77
4700	3500	71.87
4700	3600	71.29
4700	3700	72.27
4700	3800	72.45
4700	3900	71.86
4700	4000	73.05
4700	4100	71.96
4700	4200	72.38
4700	4300	72.64
4700	4400	71.91
4700	4500	70.07
4700	4600	68.55
4800	100	0.01
4800	200	0.12
4800	300	0.92
4800	400	3.07
4800	500	6.56
4800	600	11.87
4800	700	17.96
4800	800	24.54
4800	900	31.43
4800	1000	36.36
4800	1100	41.26
4800	1200	45.13
4800	1300	48.45
4800	1400	52.44
4800	1500	54.22
4800	1600	57.03
4800	1700	59.81
4800	1800	61.69
4800	1900	61.8
4800	2000	64.29
4800	2100	64.94
4800	2200	65.69
4800	2300	67.5
4800	2400	66.92
4800	2500	68.54
4800	2600	68.87
4800	2700	69.59
4800	2800	70.2
4800	2900	70.79
4800	3000	70.35
4800	3100	71.23
4800	3200	71.11
4800	3300	70.48
4800	3400	70.2
4800	3500	71.45
4800	3600	72.7
4800	3700	71.9
4800	3800	71.43
4800	3900	71.74
4800	4000	71.19
4800	4100	71.79
4800	4200	71.55
4800	4300	71.11
4800	4400	72.7
4800	4500	70.72
4800	4600	69.36
4800	4700	67.62
4900	100	0
4900	200	0.08
4900	300	0.91
4900	400	2.78
4900	500	6.12
4900	600	11.05
4900	700	17.02
4900	800	23.43
4900	900	29.68
4900	1000	36.58
4900	1100	40.78
4900	1200	44.73
4900	1300	48.61
4900	1400	51.86
4900	1500	54.69
4900	1600	56.43
4900	1700	59.15
4900	1800	61.1
4900	1900	62.87
4900	2000	64.15
4900	2100	65.46
4900	2200	66.79
4900	2300	67.66
4900	2400	68.65
4900	2500	69.26
4900	2600	69.4
4900	2700	70.98
4900	2800	71.74
4900	2900	71.15
4900	3000	72.46
4900	3100	72.09
4900	3200	72.45
4900	3300	72.04
4900	3400	72.89
4900	3500	73.06
4900	3600	72.03
4900	3700	72.73
4900	3800	73.25
4900	3900	72.91
4900	4000	72.66
4900	4100	73.21
4900	4200	72.76
4900	4300	73.47
4900	4400	72.54
4900	4500	72.76
4900	4600	72.79
4900	4700	71.41
4900	4800	69.64
5000	100	0
5000	200	0.12
5000	300	0.75
5000	400	2.35
5000	500	4.7
5000	600	9.93
5000	700	15.24
5000	800	20.97
5000	900	27.84
5000	1000	33.8
5000	1100	38.29
5000	1200	43.5
5000	1300	46.69
5000	1400	50.23
5000	1500	52.51
5000	1600	54.89
5000	1700	56.83
5000	1800	59.9
5000	1900	60.67
5000	2000	62.14
5000	2100	63.63
5000	2200	65.18
5000	2300	66.94
5000	2400	67.19
5000	2500	68.03
5000	2600	67.66
5000	2700	69.4
5000	2800	70.02
5000	2900	70.06
5000	3000	70.52
5000	3100	71.82
5000	3200	71.29
5000	3300	71.34
5000	3400	71.47
5000	3500	71.92
5000	3600	72.12
5000	3700	72.09
5000	3800	71.32
5000	3900	71.79
5000	4000	72.55
5000	4100	72.64
5000	4200	72.15
5000	4300	71.57
5000	4400	71.93
5000	4500	72.8
5000	4600	72.35
5000	4700	71.12
5000	4800	70.05
5000	4900	67.98
5100	100	0
5100	200	0.07
5100	300	0.48
5100	400	2.17
5100	500	5.02
5100	600	9.21
5100	700	13.74
5100	800	20.37
5100	900	26.95
5100	1000	31.57
5100	1100	37.53
5100	1200	41.72
5100	1300	45.69
5100	1400	49.8
5100	1500	51.75
5100	1600	54.52
5100	1700	56.64
5100	1800	59.53
5100	1900	59.64
5100	2000	63.04
5100	2100	63.76
5100	2200	65.23
5100	2300	66.19
5100	2400	68.19
5100	2500	67.69
5100	2600	70.09
5100	2700	70.21
5100	2800	71.66
5100	2900	71.96
5100	3000	72.13
5100	3100	72.22
5100	3200	72.73
5100	3300	72.74
5100	3400	73.18
5100	3500	73.04
5100	3600	73.32
5100	3700	73.09
5100	3800	73.16
5100	3900	73.19
5100	4000	73.34
5100	4100	73.5
5100	4200	73.32
5100	4300	74.56
5100	4400	73.85
5100	4500	73.56
5100	4600	74.07
5100	4700	73.64
5100	4800	72.84
5100	4900	72.3
5100	5000	70.96
5200	100	0
5200	200	0.05
5200	300	0.64
5200	400	1.87
5200	500	4.32
5200	600	8.49
5200	700	13.06
5200	800	18.07
5200	900	24.61
5200	1000	30.51
5200	1100	34.61
5200	1200	39.51
5200	1300	43.36
5200	1400	47.44
5200	1500	50.09
5200	1600	52.88
5200	1700	54.91
5200	1800	56.68
5200	1900	59.42
5200	2000	60.75
5200	2100	61.61
5200	2200	63.21
5200	2300	65.08
5200	2400	66.71
5200	2500	67.44
5200	2600	67.86
5200	2700	68.57
5200	2800	69.68
5200	2900	70.35
5200	3000	70.88
5200	3100	71.67
5200	3200	72.03
5200	3300	71.14
5200	3400	71.92
5200	3500	72.3
5200	3600	71.95
5200	3700	72.38
5200	3800	73.13
5200	3900	73.06
5200	4000	72.86
5200	4100	71.99
5200	4200	73.11
5200	4300	73.22
5200	4400	72.92
5200	4500	72.82
5200	4600	73.75
5200	4700	73.08
5200	4800	72.64
5200	4900	71.37
5200	5000	71.42
5200	5100	67.94
5300	100	0
5300	200	0.04
5300	300	0.49
5300	400	1.89
5300	500	3.97
5300	600	7.5
5300	700	12.1
5300	800	17.19
5300	900	23.14
5300	1000	29.65
5300	1100	34.13
5300	1200	38.83
5300	1300	42.53
5300	1400	45.87
5300	1500	49.38
5300	1600	52.2
5300	1700	54.31
5300	1800	56.85
5300	1900	59.55
5300	2000	60.8
5300	2100	62.63
5300	2200	64.02
5300	2300	65.15
5300	2400	67.05
5300	2500	67.56
5300	2600	69.12
5300	2700	69.85
5300	2800	70.18
5300	2900	71.28
5300	3000	72.05
5300	3100	72.94
5300	3200	73.45
5300	3300	72.63
5300	3400	73.18
5300	3500	73.37
5300	3600	74.15
5300	3700	74
5300	3800	74.42
5300	3900	74.02
5300	4000	73.71
5300	4100	73.87
5300	4200	74.14
5300	4300	74.38
5300	4400	74.28
5300	4500	74.73
5300	4600	74.21
5300	4700	74.8
5300	4800	74.66
5300	4900	74.71
5300	5000	73.97
5300	5100	73.47
5300	5200	70.43
5400	100	0
5400	200	0.05
5400	300	0.46
5400	400	1.56
5400	500	3.46
5400	600	6.16
5400	700	10.91
5400	800	15.48
5400	900	21.7
5400	1000	25.73
5400	1100	31.03
5400	1200	36
5400	1300	39.99
5400	1400	42.79
5400	1500	47.08
5400	1600	50.33
5400	1700	52.11
5400	1800	53.53
5400	1900	56.89
5400	2000	57.99
5400	2100	60.72
5400	2200	62.76
5400	2300	63.78
5400	2400	65.33
5400	2500	66.29
5400	2600	67.69
5400	2700	68.58
5400	2800	69.03
5400	2900	69.11
5400	3000	70.36
5400	3100	71.3
5400	3200	72.02
5400	3300	71.06
5400	3400	72.24
5400	3500	72.27
5400	3600	72.96
5400	3700	73.4
5400	3800	72.17
5400	3900	73.37
5400	4000	73.93
5400	4100	73.41
5400	4200	73.43
5400	4300	73.22
5400	4400	73.36
5400	4500	73.38
5400	4600	73.74
5400	4700	73
5400	4800	74.49
5400	4900	73.65
5400	5000	73.25
5400	5100	72.06
5400	5200	72.41
5400	5300	68.06
5500	100	0
5500	200	0.04
5500	300	0.47
5500	400	1.33
5500	500	3.35
5500	600	6.47
5500	700	10.15
5500	800	14.58
5500	900	20.35
5500	1000	25.02
5500	1100	30.41
5500	1200	33.71
5500	1300	38.6
5500	1400	42.67
5500	1500	44.97
5500	1600	48.52
5500	1700	51.96
5500	1800	55.12
5500	1900	56.77
5500	2000	59.04
5500	2100	60.46
5500	2200	62.84
5500	2300	63.61
5500	2400	65.36
5500	2500	67.08
5500	2600	66.8
5500	2700	69.11
5500	2800	70.17
5500	2900	71.26
5500	3000	71.86
5500	3100	72.17
5500	3200	71.86
5500	3300	73.46
5500	3400	74.15
5500	3500	73.58
5500	3600	73.89
5500	3700	73.61
5500	3800	74
5500	3900	74.29
5500	4000	74.12
5500	4100	75.08
5500	4200	74.66
5500	4300	75.14
5500	4400	74.39
5500	4500	75.08
5500	4600	74.32
5500	4700	75.24
5500	4800	74.68
5500	4900	74.98
5500	5000	74.32
5500	5100	75.14
5500	5200	74.64
5500	5300	73.28
5500	5400	71.02
5600	100	0
5600	200	0.01
5600	300	0.28
5600	400	1.36
5600	500	2.71
5600	600	5.08
5600	700	8.91
5600	800	13.81
5600	900	18.5
5600	1000	22.49
5600	1100	27.21
5600	1200	31.51
5600	1300	35.9
5600	1400	40.27
5600	1500	42.88
5600	1600	46.24
5600	1700	49.74
5600	1800	52.6
5600	1900	54.76
5600	2000	56.13
5600	2100	57.85
5600	2200	60.44
5600	2300	62.01
5600	2400	63.48
5600	2500	65.03
5600	2600	65.57
5600	2700	66.63
5600	2800	67.9
5600	2900	69.08
5600	3000	69.97
5600	3100	71.04
5600	3200	71.26
5600	3300	71.94
5600	3400	72.08
5600	3500	72.09
5600	3600	72.82
5600	3700	72.83
5600	3800	73.22
5600	3900	73.9
5600	4000	73.66
5600	4100	73.58
5600	4200	73.85
5600	4300	74.26
5600	4400	74.32
5600	4500	73.76
5600	4600	74.27
5600	4700	74.33
5600	4800	73.91
5600	4900	74.83
5600	5000	73.67
5600	5100	73.6
5600	5200	73.98
5600	5300	73.62
5600	5400	70.88
5600	5500	69.63
5700	100	0
5700	200	0.01
5700	300	0.32
5700	400	1.06
5700	500	2.83
5700	600	4.89
5700	700	8.04
5700	800	11.82
5700	900	16.79
5700	1000	21.54
5700	1100	26.18
5700	1200	30.31
5700	1300	35.87
5700	1400	39.54
5700	1500	41.37
5700	1600	45.92
5700	1700	48.48
5700	1800	50.39
5700	1900	53.72
5700	2000	56.41
5700	2100	58.4
5700	2200	60.76
5700	2300	62.72
5700	2400	63.83
5700	2500	65.59
5700	2600	66.63
5700	2700	67.48
5700	2800	68.72
5700	2900	70.03
5700	3000	70.52
5700	3100	72.57
5700	3200	72.27
5700	3300	72.69
5700	3400	72.68
5700	3500	73.79
5700	3600	73.91
5700	3700	74.45
5700	3800	73.8
5700	3900	75.46
5700	4000	74.59
5700	4100	73.83
5700	4200	75.41
5700	4300	75.35
5700	4400	74.75
5700	4500	75.37
5700	4600	74.61
5700	4700	75.51
5700	4800	75.05
5700	4900	75.65
5700	5000	75.02
5700	5100	74.5
5700	5200	75.27
5700	5300	75.96
5700	5400	75.3
5700	5500	73.23
5700	5600	70.66
5800	100	0
5800	200	0.02
5800	300	0.31
5800	400	0.96
5800	500	2.25
5800	600	4.43
5800	700	7.38
5800	800	11.02
5800	900	14.79
5800	1000	19.42
5800	1100	24.05
5800	1200	28.38
5800	1300	32.41
5800	1400	35.79
5800	1500	39.39
5800	1600	42.31
5800	1700	45.88
5800	1800	48.51
5800	1900	51.34
5800	2000	53.73
5800	2100	55.93
5800	2200	58.64
5800	2300	59.59
5800	2400	61.59
5800	2500	63.16
5800	2600	63.99
5800	2700	65.85
5800	2800	67.05
5800	2900	67.9
5800	3000	69.18
5800	3100	70.73
5800	3200	69.84
5800	3300	72.22
5800	3400	72.18
5800	3500	71.76
5800	3600	72.75
5800	3700	73.38
5800	3800	73.75
5800	3900	73.97
5800	4000	73.92
5800	4100	74.17
5800	4200	73.91
5800	4300	73.85
5800	4400	73.72
5800	4500	74.39
5800	4600	75.14
5800	4700	74.37
5800	4800	75.41
5800	4900	74.41
5800	5000	74.03
5800	5100	74.82
5800	5200	74.83
5800	5300	74.44
5800	5400	74
5800	5500	74.1
5800	5600	72.49
5800	5700	69.76
5900	100	0
5900	200	0.03
5900	300	0.24
5900	400	0.87
5900	500	1.95
5900	600	4.28
5900	700	7.02
5900	800	10.3
5900	900	14.18
5900	1000	18.26
5900	1100	23.39
5900	1200	27.11
5900	1300	30.84
5900	1400	35.22
5900	1500	38.85
5900	1600	43.43
5900	1700	44.87
5900	1800	47.97
5900	1900	50.29
5900	2000	53.38
5900	2100	55.62
5900	2200	57.53
5900	2300	59.69
5900	2400	62.01
5900	2500	63.74
5900	2600	65.48
5900	2700	66.97
5900	2800	67.57
5900	2900	69.34
5900	3000	69.13
5900	3100	70.74
5900	3200	72.64
5900	3300	72.79
5900	3400	72.79
5900	3500	73.52
5900	3600	74.1
5900	3700	74.88
5900	3800	75.18
5900	3900	75.58
5900	4000	75.61
5900	4100	75.85
5900	4200	75.49
5900	4300	75.68
5900	4400	75.15
5900	4500	75.62
5900	4600	75.87
5900	4700	75.07
5900	4800	76.36
5900	4900	75.61
5900	5000	75.65
5900	5100	75.52
5900	5200	75.15
5900	5300	76.45
5900	5400	75.27
5900	5500	74.59
5900	5600	73.68
5900	5700	72.56
5900	5800	68.63
6000	100	0
6000	200	0
6000	300	0.12
6000	400	0.68
6000	500	1.64
6000	600	3.41
6000	700	5.89
6000	800	8.74
6000	900	12.37
6000	1000	15.98
6000	1100	20.34
6000	1200	24.57
6000	1300	28.21
6000	1400	32.16
6000	1500	35.95
6000	1600	38.59
6000	1700	43.18
6000	1800	46.05
6000	1900	47.28
6000	2000	50.2
6000	2100	51.97
6000	2200	54.55
6000	2300	57.77
6000	2400	58.84
6000	2500	60.79
6000	2600	62.1
6000	2700	64.4
6000	2800	65.78
6000	2900	66.97
6000	3000	68.25
6000	3100	68.74
6000	3200	69.06
6000	3300	70.59
6000	3400	71.65
6000	3500	71.94
6000	3600	72.43
6000	3700	72.74
6000	3800	73.49
6000	3900	74.26
6000	4000	74.73
6000	4100	74.23
6000	4200	74.57
6000	4300	74.47
6000	4400	74.7
6000	4500	74.55
6000	4600	74.18
6000	4700	74.64
6000	4800	75.92
6000	4900	75.53
6000	5000	75.08
6000	5100	75.34
6000	5200	75.7
6000	5300	75.56
6000	5400	75.11
6000	5500	74.71
6000	5600	74.79
6000	5700	74.3
6000	5800	73.12
6000	5900	71.27
