#WR mass	Nu mass	efficiencyFraction
800	100	1.4
800	200	15.53
800	300	25.76
800	400	30.55
800	500	34.44
800	600	33.1
800	700	24.89
900	100	0.64
900	200	12.56
900	300	21.7
900	400	25.27
900	500	27.35
900	600	25.37
900	700	24.18
900	800	16.29
1000	100	0.47
1000	200	12.73
1000	300	22.32
1000	400	29.35
1000	500	30.88
1000	600	29.8
1000	700	29.07
1000	800	26.31
1000	900	18.66
1100	100	0.33
1100	200	11.39
1100	300	22.64
1100	400	30.45
1100	500	32.23
1100	600	34.28
1100	700	32.95
1100	800	32.73
1100	900	29.81
1100	1000	22.4
1200	100	0.29
1200	200	9.88
1200	300	24
1200	400	30.97
1200	500	35.41
1200	600	36.24
1200	700	37.12
1200	800	35.88
1200	900	36.75
1200	1000	32.03
1200	1100	23.92
1300	100	0.37
1300	200	8.75
1300	300	22.53
1300	400	32.17
1300	500	35.8
1300	600	38.6
1300	700	39.07
1300	800	39.3
1300	900	39.06
1300	1000	37.27
1300	1100	34.36
1300	1200	26.47
1400	100	0.2
1400	200	7.38
1400	300	22.43
1400	400	31.66
1400	500	36.35
1400	600	40.18
1400	700	41.39
1400	800	40.99
1400	900	42.07
1400	1000	40.66
1400	1100	37.91
1400	1200	37.04
1400	1300	28.65
1500	100	0.12
1500	200	6.42
1500	300	20.99
1500	400	31.77
1500	500	37.69
1500	600	40.51
1500	700	42.72
1500	800	43.56
1500	900	44.02
1500	1000	43.31
1500	1100	43.4
1500	1200	41.37
1500	1300	38.91
1500	1400	30.3
1600	100	0.16
1600	200	5.34
1600	300	19.58
1600	400	30.37
1600	500	37.31
1600	600	41.41
1600	700	44.72
1600	800	45.85
1600	900	45.92
1600	1000	46.56
1600	1100	45.84
1600	1200	44.48
1600	1300	43.63
1600	1400	41.45
1600	1500	31.55
1700	100	0.05
1700	200	4.79
1700	300	17.31
1700	400	29.77
1700	500	37.97
1700	600	42.38
1700	700	44.98
1700	800	46.79
1700	900	47.26
1700	1000	48.34
1700	1100	47.81
1700	1200	47.64
1700	1300	46.47
1700	1400	46
1700	1500	43.21
1700	1600	31.99
1800	100	0.08
1800	200	4.21
1800	300	16.29
1800	400	28.44
1800	500	36.94
1800	600	43.35
1800	700	46.26
1800	800	47.07
1800	900	48.67
1800	1000	49.15
1800	1100	48.88
1800	1200	49.85
1800	1300	49.38
1800	1400	49.03
1800	1500	46.75
1800	1600	43.26
1800	1700	33.98
1900	100	0.1
1900	200	3.16
1900	300	14.76
1900	400	27.49
1900	500	37.26
1900	600	43.44
1900	700	45.8
1900	800	48.25
1900	900	49.27
1900	1000	50.56
1900	1100	50.47
1900	1200	51.91
1900	1300	51.35
1900	1400	50.03
1900	1500	49.12
1900	1600	48.25
1900	1700	44.64
1900	1800	35.17
2000	100	0.08
2000	200	3.22
2000	300	13.75
2000	400	26.23
2000	500	36.36
2000	600	42.24
2000	700	45.56
2000	800	48.41
2000	900	50.23
2000	1000	52.14
2000	1100	51.56
2000	1200	52.72
2000	1300	51.73
2000	1400	52.32
2000	1500	50.68
2000	1600	50.19
2000	1700	48.91
2000	1800	46.14
2000	1900	36.41
2100	100	0.08
2100	200	3.11
2100	300	12.56
2100	400	25.91
2100	500	36.89
2100	600	43.32
2100	700	48.54
2100	800	51.04
2100	900	52.36
2100	1000	53.91
2100	1100	55.14
2100	1200	53.7
2100	1300	54.73
2100	1400	53.42
2100	1500	54.01
2100	1600	53.58
2100	1700	53.09
2100	1800	51.59
2100	1900	49.56
2100	2000	40.4
2200	100	0.03
2200	200	2.5
2200	300	11.84
2200	400	24.74
2200	500	35.58
2200	600	43.19
2200	700	48.72
2200	800	52.62
2200	900	52.79
2200	1000	54.38
2200	1100	55.44
2200	1200	56.79
2200	1300	56.41
2200	1400	57.43
2200	1500	55.92
2200	1600	55.8
2200	1700	55.6
2200	1800	54.95
2200	1900	52.97
2200	2000	51.63
2200	2100	44.83
2300	100	0.02
2300	200	2.2
2300	300	11.02
2300	400	23.28
2300	500	35.77
2300	600	42.46
2300	700	47.94
2300	800	51.48
2300	900	54.14
2300	1000	55.37
2300	1100	57.27
2300	1200	58.06
2300	1300	58.22
2300	1400	58.28
2300	1500	58.03
2300	1600	58.05
2300	1700	57.73
2300	1800	57.31
2300	1900	57.42
2300	2000	56.66
2300	2100	53.68
2300	2200	48.5
2400	100	0.03
2400	200	1.89
2400	300	10.27
2400	400	21.41
2400	500	34.07
2400	600	41.22
2400	700	47.92
2400	800	52.07
2400	900	54.88
2400	1000	55.94
2400	1100	57.17
2400	1200	59.41
2400	1300	58.78
2400	1400	58.54
2400	1500	59.63
2400	1600	58.99
2400	1700	58.6
2400	1800	58.36
2400	1900	58.82
2400	2000	58.74
2400	2100	57.82
2400	2200	56.67
2400	2300	50.24
2500	100	0.04
2500	200	1.96
2500	300	8.98
2500	400	20.97
2500	500	31.58
2500	600	41.71
2500	700	47.54
2500	800	51.85
2500	900	54.41
2500	1000	57.91
2500	1100	57.34
2500	1200	58.65
2500	1300	59.6
2500	1400	60.06
2500	1500	60.51
2500	1600	59.58
2500	1700	59.56
2500	1800	60.79
2500	1900	60.49
2500	2000	59.51
2500	2100	59.96
2500	2200	59.02
2500	2300	57.99
2500	2400	52.89
2600	100	0.04
2600	200	1.77
2600	300	8.11
2600	400	18.96
2600	500	30.9
2600	600	40.18
2600	700	46.99
2600	800	51.34
2600	900	53.87
2600	1000	56.58
2600	1100	57.91
2600	1200	59.07
2600	1300	60.65
2600	1400	60.57
2600	1500	61.03
2600	1600	60.52
2600	1700	60.52
2600	1800	60.94
2600	1900	61.98
2600	2000	61.27
2600	2100	60.61
2600	2200	60.27
2600	2300	60.2
2600	2400	58.63
2600	2500	54.51
2700	100	0.01
2700	200	1.62
2700	300	7.6
2700	400	17.39
2700	500	28.89
2700	600	39.37
2700	700	46.35
2700	800	50.44
2700	900	53.42
2700	1000	56.25
2700	1100	58.44
2700	1200	60.6
2700	1300	60
2700	1400	61.25
2700	1500	60.98
2700	1600	61.5
2700	1700	61.5
2700	1800	62.26
2700	1900	61.34
2700	2000	60.71
2700	2100	61.38
2700	2200	61.59
2700	2300	61.27
2700	2400	61.15
2700	2500	59.2
2700	2600	55.31
2800	100	0
2800	200	1.43
2800	300	6.91
2800	400	16.42
2800	500	28.66
2800	600	37.81
2800	700	44.86
2800	800	50.08
2800	900	53.83
2800	1000	56.11
2800	1100	58.46
2800	1200	59.61
2800	1300	60.48
2800	1400	61.81
2800	1500	63.16
2800	1600	61.82
2800	1700	62.02
2800	1800	61.62
2800	1900	61.58
2800	2000	61.47
2800	2100	62.56
2800	2200	61.97
2800	2300	62.32
2800	2400	62.9
2800	2500	62.73
2800	2600	60.54
2800	2700	56.83
2900	100	0.01
2900	200	1.18
2900	300	6.01
2900	400	15.33
2900	500	26.51
2900	600	36.42
2900	700	44.35
2900	800	49.61
2900	900	53
2900	1000	56.58
2900	1100	58.87
2900	1200	60.37
2900	1300	60.89
2900	1400	62.21
2900	1500	62.95
2900	1600	62.44
2900	1700	63.08
2900	1800	63.22
2900	1900	63.71
2900	2000	64.5
2900	2100	63.44
2900	2200	63.4
2900	2300	63.14
2900	2400	63.05
2900	2500	63.36
2900	2600	63.23
2900	2700	61.58
2900	2800	57.26
3000	100	0.04
3000	200	0.99
3000	300	5.59
3000	400	13.59
3000	500	25.54
3000	600	34.83
3000	700	43.24
3000	800	48.2
3000	900	51.97
3000	1000	55.53
3000	1100	57.65
3000	1200	60.32
3000	1300	61.69
3000	1400	62.47
3000	1500	63.45
3000	1600	62.93
3000	1700	63.83
3000	1800	63.67
3000	1900	64.07
3000	2000	63.52
3000	2100	64.44
3000	2200	63.88
3000	2300	63.96
3000	2400	63.97
3000	2500	63.67
3000	2600	64.43
3000	2700	64.25
3000	2800	62.4
3000	2900	59.56
3100	100	0.02
3100	200	0.76
3100	300	4.95
3100	400	13.2
3100	500	23.79
3100	600	33.97
3100	700	41.48
3100	800	48.24
3100	900	52.86
3100	1000	55.53
3100	1100	59.12
3100	1200	59.25
3100	1300	60.7
3100	1400	63.25
3100	1500	62.9
3100	1600	63.17
3100	1700	64.85
3100	1800	65
3100	1900	65.43
3100	2000	64.25
3100	2100	64.89
3100	2200	64.25
3100	2300	65.22
3100	2400	64.28
3100	2500	64.76
3100	2600	65.09
3100	2700	64.9
3100	2800	65.14
3100	2900	62.61
3100	3000	60.34
3200	100	0.01
3200	200	0.76
3200	300	4.83
3200	400	12.18
3200	500	22.17
3200	600	32.38
3200	700	40.84
3200	800	46.5
3200	900	52.28
3200	1000	54.06
3200	1100	58.25
3200	1200	59.92
3200	1300	60.73
3200	1400	63.21
3200	1500	63.4
3200	1600	64.14
3200	1700	64.52
3200	1800	65.32
3200	1900	64.68
3200	2000	65.65
3200	2100	65.31
3200	2200	65.45
3200	2300	65.11
3200	2400	66.32
3200	2500	64.87
3200	2600	66.53
3200	2700	65.57
3200	2800	65.86
3200	2900	65.32
3200	3000	64.51
3200	3100	60.88
3300	100	0
3300	200	0.58
3300	300	4.55
3300	400	11.69
3300	500	20.52
3300	600	31.55
3300	700	39.47
3300	800	45.73
3300	900	50.31
3300	1000	54.83
3300	1100	58.84
3300	1200	58.98
3300	1300	61.75
3300	1400	62.29
3300	1500	63.46
3300	1600	63.72
3300	1700	64.71
3300	1800	65.49
3300	1900	65.46
3300	2000	65.96
3300	2100	65.86
3300	2200	66.06
3300	2300	65.76
3300	2400	66.16
3300	2500	65.99
3300	2600	66.39
3300	2700	66.59
3300	2800	65.99
3300	2900	66.42
3300	3000	65.63
3300	3100	65.54
3300	3200	61.77
3400	100	0.02
3400	200	0.65
3400	300	3.7
3400	400	10.74
3400	500	19.02
3400	600	29.53
3400	700	38.11
3400	800	44.38
3400	900	49.92
3400	1000	54.29
3400	1100	56.31
3400	1200	58.58
3400	1300	61.58
3400	1400	62.69
3400	1500	63.91
3400	1600	63.82
3400	1700	65.11
3400	1800	65.31
3400	1900	65.57
3400	2000	66.12
3400	2100	66.45
3400	2200	66.57
3400	2300	65.57
3400	2400	67.42
3400	2500	66.41
3400	2600	66.56
3400	2700	65.6
3400	2800	66.11
3400	2900	66.3
3400	3000	67.51
3400	3100	66.87
3400	3200	66.35
3400	3300	62.17
3500	100	0
3500	200	0.53
3500	300	3.36
3500	400	9.6
3500	500	17.93
3500	600	28.15
3500	700	35.74
3500	800	43.03
3500	900	48.38
3500	1000	52.17
3500	1100	56.56
3500	1200	59.06
3500	1300	60.69
3500	1400	62.14
3500	1500	63.41
3500	1600	64.76
3500	1700	66.21
3500	1800	64.78
3500	1900	66.64
3500	2000	67.16
3500	2100	66.77
3500	2200	65.9
3500	2300	67.26
3500	2400	67.02
3500	2500	66.77
3500	2600	67.17
3500	2700	66.71
3500	2800	67.03
3500	2900	67.79
3500	3000	67.74
3500	3100	67.22
3500	3200	67.18
3500	3300	66.03
3500	3400	63.54
3600	100	0.01
3600	200	0.54
3600	300	3.29
3600	400	9.19
3600	500	17.28
3600	600	26.8
3600	700	34.22
3600	800	42.66
3600	900	47.54
3600	1000	52.93
3600	1100	55.95
3600	1200	57.58
3600	1300	60.74
3600	1400	62.1
3600	1500	64.18
3600	1600	65.15
3600	1700	65.08
3600	1800	65.53
3600	1900	66.72
3600	2000	66.85
3600	2100	66.89
3600	2200	67.04
3600	2300	67.77
3600	2400	68.03
3600	2500	67.99
3600	2600	67.37
3600	2700	67.59
3600	2800	67.7
3600	2900	67.88
3600	3000	67.51
3600	3100	67.13
3600	3200	68.51
3600	3300	67.16
3600	3400	67.33
3600	3500	64.29
3700	100	0
3700	200	0.45
3700	300	2.94
3700	400	8.01
3700	500	15.73
3700	600	23.66
3700	700	33.19
3700	800	40.82
3700	900	46.44
3700	1000	51.21
3700	1100	54.61
3700	1200	57.01
3700	1300	59.46
3700	1400	62.1
3700	1500	62.08
3700	1600	64.23
3700	1700	65.82
3700	1800	65.79
3700	1900	66.83
3700	2000	66.76
3700	2100	67.47
3700	2200	67.67
3700	2300	67.31
3700	2400	67.94
3700	2500	67.86
3700	2600	68.02
3700	2700	68.03
3700	2800	68.56
3700	2900	67.91
3700	3000	67.87
3700	3100	68.41
3700	3200	68.61
3700	3300	69.1
3700	3400	68.5
3700	3500	66.4
3700	3600	65.19
3800	100	0
3800	200	0.39
3800	300	2.41
3800	400	7.19
3800	500	15.21
3800	600	23.31
3800	700	31.79
3800	800	38.85
3800	900	46.1
3800	1000	50.23
3800	1100	55.2
3800	1200	56.84
3800	1300	59.5
3800	1400	61.28
3800	1500	63.21
3800	1600	63.77
3800	1700	64.36
3800	1800	65.24
3800	1900	66.69
3800	2000	67.29
3800	2100	67.05
3800	2200	68.06
3800	2300	67.97
3800	2400	67.69
3800	2500	68.57
3800	2600	68.44
3800	2700	68.27
3800	2800	68.83
3800	2900	68.15
3800	3000	68.2
3800	3100	68.67
3800	3200	68.59
3800	3300	69.13
3800	3400	69.35
3800	3500	69
3800	3600	67.25
3800	3700	64.87
3900	100	0.01
3900	200	0.43
3900	300	2.35
3900	400	7.09
3900	500	13.91
3900	600	21.9
3900	700	30.69
3900	800	38.6
3900	900	44.07
3900	1000	49.7
3900	1100	53.54
3900	1200	55.88
3900	1300	59.1
3900	1400	61.47
3900	1500	63.46
3900	1600	64.54
3900	1700	65.17
3900	1800	66.26
3900	1900	66.28
3900	2000	67.55
3900	2100	68.53
3900	2200	68.55
3900	2300	68.04
3900	2400	68.83
3900	2500	70
3900	2600	69.87
3900	2700	69.16
3900	2800	69.58
3900	2900	68.37
3900	3000	69.94
3900	3100	69.63
3900	3200	69.45
3900	3300	69.06
3900	3400	69.7
3900	3500	69.47
3900	3600	69.31
3900	3700	68.01
3900	3800	66.31
4000	100	0
4000	200	0.44
4000	300	1.95
4000	400	6.4
4000	500	12.65
4000	600	21.34
4000	700	29.53
4000	800	37.31
4000	900	42.29
4000	1000	48.93
4000	1100	52.11
4000	1200	55.4
4000	1300	57.89
4000	1400	60.54
4000	1500	63.24
4000	1600	62.66
4000	1700	64.83
4000	1800	65.97
4000	1900	67.56
4000	2000	68.39
4000	2100	66.96
4000	2200	68.61
4000	2300	68.52
4000	2400	69.14
4000	2500	70.04
4000	2600	69.56
4000	2700	69.7
4000	2800	70.33
4000	2900	69.05
4000	3000	69.61
4000	3100	69.8
4000	3200	69.93
4000	3300	70.04
4000	3400	69.87
4000	3500	70.48
4000	3600	69.33
4000	3700	69.76
4000	3800	69.11
4000	3900	65.79
4100	100	0
4100	200	0.27
4100	300	2.13
4100	400	6.11
4100	500	11.49
4100	600	20.18
4100	700	27.97
4100	800	35.45
4100	900	41.36
4100	1000	46.82
4100	1100	50.51
4100	1200	54.89
4100	1300	57.28
4100	1400	58.73
4100	1500	61.48
4100	1600	63.02
4100	1700	65.3
4100	1800	64.95
4100	1900	66.1
4100	2000	67.91
4100	2100	68.96
4100	2200	69.2
4100	2300	69.93
4100	2400	68.94
4100	2500	69.8
4100	2600	70.51
4100	2700	69.47
4100	2800	69.97
4100	2900	70.08
4100	3000	70.6
4100	3100	69.85
4100	3200	70.24
4100	3300	70.88
4100	3400	69.93
4100	3500	70.88
4100	3600	69.35
4100	3700	69.89
4100	3800	69.75
4100	3900	68.78
4100	4000	66.93
4200	100	0.01
4200	200	0.15
4200	300	1.72
4200	400	5.25
4200	500	11.35
4200	600	18.12
4200	700	26.65
4200	800	35.06
4200	900	39.81
4200	1000	45.13
4200	1100	50.12
4200	1200	53.24
4200	1300	56.22
4200	1400	59.46
4200	1500	60.24
4200	1600	62.57
4200	1700	63.81
4200	1800	65.81
4200	1900	67.31
4200	2000	67.85
4200	2100	68.11
4200	2200	68.09
4200	2300	68.88
4200	2400	70.4
4200	2500	69.69
4200	2600	70.12
4200	2700	70.75
4200	2800	70.17
4200	2900	70.58
4200	3000	70.28
4200	3100	70.07
4200	3200	70.4
4200	3300	71.06
4200	3400	70.25
4200	3500	70.9
4200	3600	70.88
4200	3700	71.08
4200	3800	70.37
4200	3900	71.21
4200	4000	69.52
4200	4100	67.7
4300	100	0
4300	200	0.15
4300	300	1.61
4300	400	4.57
4300	500	10.75
4300	600	17.34
4300	700	25.47
4300	800	32.97
4300	900	39.37
4300	1000	44.77
4300	1100	49.69
4300	1200	52.35
4300	1300	55.54
4300	1400	57.81
4300	1500	60.9
4300	1600	63.44
4300	1700	64.81
4300	1800	64.86
4300	1900	66.55
4300	2000	67.53
4300	2100	69.13
4300	2200	69.31
4300	2300	69.33
4300	2400	69.66
4300	2500	69.94
4300	2600	70.38
4300	2700	70.7
4300	2800	70.56
4300	2900	70.75
4300	3000	70.34
4300	3100	71.27
4300	3200	70.89
4300	3300	71.39
4300	3400	71.14
4300	3500	71.07
4300	3600	71.05
4300	3700	71.58
4300	3800	71.77
4300	3900	71.39
4300	4000	71.29
4300	4100	70.79
4300	4200	68.2
4400	100	0
4400	200	0.19
4400	300	1.34
4400	400	4.12
4400	500	9.31
4400	600	16.66
4400	700	23.08
4400	800	31.53
4400	900	37.86
4400	1000	43
4400	1100	47.95
4400	1200	52.06
4400	1300	55.46
4400	1400	57.94
4400	1500	59.18
4400	1600	61.72
4400	1700	62.96
4400	1800	64.25
4400	1900	66.01
4400	2000	67.38
4400	2100	67.68
4400	2200	68.78
4400	2300	67.93
4400	2400	69.82
4400	2500	70.49
4400	2600	69.82
4400	2700	71.91
4400	2800	71.8
4400	2900	71.81
4400	3000	72.01
4400	3100	70.25
4400	3200	71.79
4400	3300	71.21
4400	3400	71.46
4400	3500	71.42
4400	3600	71.87
4400	3700	70.94
4400	3800	72.27
4400	3900	72.03
4400	4000	71.66
4400	4100	71.44
4400	4200	70.59
4400	4300	67.76
4500	100	0
4500	200	0.16
4500	300	1.37
4500	400	4.14
4500	500	8.6
4500	600	15.31
4500	700	21.69
4500	800	30.29
4500	900	36.08
4500	1000	42.38
4500	1100	46
4500	1200	50.21
4500	1300	53.77
4500	1400	56.31
4500	1500	59.65
4500	1600	61.15
4500	1700	63.05
4500	1800	64.5
4500	1900	66.15
4500	2000	67.44
4500	2100	68.28
4500	2200	68
4500	2300	68.97
4500	2400	69.61
4500	2500	69.7
4500	2600	70.64
4500	2700	71.38
4500	2800	71.68
4500	2900	70.54
4500	3000	70.97
4500	3100	72.13
4500	3200	72.11
4500	3300	72.27
4500	3400	72.08
4500	3500	71.31
4500	3600	72.71
4500	3700	71.77
4500	3800	72.59
4500	3900	71.73
4500	4000	72.42
4500	4100	71.82
4500	4200	72.19
4500	4300	70.2
4500	4400	68.68
4600	100	0
4600	200	0.2
4600	300	1.23
4600	400	3.77
4600	500	7.98
4600	600	14.06
4600	700	21.32
4600	800	28.26
4600	900	34.9
4600	1000	41.21
4600	1100	45.76
4600	1200	49.39
4600	1300	51.62
4600	1400	55.52
4600	1500	57.5
4600	1600	60.99
4600	1700	62.73
4600	1800	63.21
4600	1900	64.5
4600	2000	67.05
4600	2100	67.84
4600	2200	68.77
4600	2300	69.56
4600	2400	69.53
4600	2500	71.11
4600	2600	69.76
4600	2700	70.1
4600	2800	71.69
4600	2900	71.07
4600	3000	72.89
4600	3100	72.08
4600	3200	71.89
4600	3300	72.79
4600	3400	72.45
4600	3500	72.23
4600	3600	71.93
4600	3700	72.53
4600	3800	72.7
4600	3900	72.24
4600	4000	72.94
4600	4100	72.53
4600	4200	72.25
4600	4300	72.21
4600	4400	70.76
4600	4500	68.71
4700	100	0
4700	200	0.14
4700	300	1.03
4700	400	3.38
4700	500	7.43
4700	600	13.18
4700	700	18.99
4700	800	26.2
4700	900	32.33
4700	1000	38.23
4700	1100	43.49
4700	1200	48.61
4700	1300	51.93
4700	1400	54.56
4700	1500	57.37
4700	1600	59.28
4700	1700	62.11
4700	1800	63.12
4700	1900	63.82
4700	2000	65.86
4700	2100	67.38
4700	2200	68.15
4700	2300	69.26
4700	2400	70
4700	2500	70.61
4700	2600	70.76
4700	2700	72.01
4700	2800	71.91
4700	2900	72.29
4700	3000	73.09
4700	3100	73.09
4700	3200	72.59
4700	3300	72.64
4700	3400	72.42
4700	3500	72.94
4700	3600	73.53
4700	3700	73.68
4700	3800	72.88
4700	3900	73.48
4700	4000	71.72
4700	4100	73.08
4700	4200	73.55
4700	4300	72.7
4700	4400	72.84
4700	4500	71.55
4700	4600	68.67
4800	100	0
4800	200	0.17
4800	300	1.03
4800	400	3.26
4800	500	6.38
4800	600	12.15
4800	700	18.27
4800	800	24.24
4800	900	31.74
4800	1000	37.14
4800	1100	41.77
4800	1200	45.95
4800	1300	50.06
4800	1400	52.83
4800	1500	55.71
4800	1600	59.22
4800	1700	61.1
4800	1800	61.89
4800	1900	64.17
4800	2000	64.84
4800	2100	66.56
4800	2200	68.04
4800	2300	68.11
4800	2400	69.74
4800	2500	70.72
4800	2600	70.27
4800	2700	71.72
4800	2800	72.15
4800	2900	72.16
4800	3000	72.21
4800	3100	72.29
4800	3200	73.14
4800	3300	73.75
4800	3400	72.3
4800	3500	73.08
4800	3600	73.5
4800	3700	73.14
4800	3800	73.33
4800	3900	73.7
4800	4000	72.7
4800	4100	72.79
4800	4200	73.16
4800	4300	74.01
4800	4400	74
4800	4500	72.41
4800	4600	71.78
4800	4700	70.04
4900	100	0
4900	200	0.09
4900	300	0.83
4900	400	2.33
4900	500	6.31
4900	600	11.37
4900	700	17.27
4900	800	23.41
4900	900	30.25
4900	1000	35.32
4900	1100	40.44
4900	1200	45.86
4900	1300	49.3
4900	1400	52.1
4900	1500	55.18
4900	1600	57.03
4900	1700	59.56
4900	1800	61.7
4900	1900	63.33
4900	2000	64.82
4900	2100	66.21
4900	2200	67.16
4900	2300	68.26
4900	2400	68.62
4900	2500	69.87
4900	2600	70.09
4900	2700	72.31
4900	2800	71.93
4900	2900	72.32
4900	3000	72.23
4900	3100	73.35
4900	3200	72.79
4900	3300	74.27
4900	3400	72.9
4900	3500	73.81
4900	3600	72.56
4900	3700	73.45
4900	3800	73.81
4900	3900	73.7
4900	4000	73.4
4900	4100	73.16
4900	4200	73.52
4900	4300	73.61
4900	4400	73.8
4900	4500	73.67
4900	4600	73.03
4900	4700	72.81
4900	4800	70.89
5000	100	0
5000	200	0.05
5000	300	0.79
5000	400	2.31
5000	500	5.58
5000	600	10.26
5000	700	15.14
5000	800	22.25
5000	900	28.45
5000	1000	33.96
5000	1100	39.35
5000	1200	43.81
5000	1300	47.93
5000	1400	51.23
5000	1500	54.88
5000	1600	57.07
5000	1700	58.45
5000	1800	60.82
5000	1900	62.17
5000	2000	64.32
5000	2100	65.1
5000	2200	66.91
5000	2300	67.94
5000	2400	69
5000	2500	69.76
5000	2600	70.25
5000	2700	71.83
5000	2800	71.42
5000	2900	73.41
5000	3000	72.44
5000	3100	72.78
5000	3200	72.94
5000	3300	73.2
5000	3400	73.46
5000	3500	73.53
5000	3600	73.85
5000	3700	74.3
5000	3800	74.66
5000	3900	74.56
5000	4000	73.16
5000	4100	73.21
5000	4200	73.72
5000	4300	74.64
5000	4400	73.97
5000	4500	74.23
5000	4600	73.95
5000	4700	74.14
5000	4800	72.77
5000	4900	71.15
5100	100	0
5100	200	0.01
5100	300	0.66
5100	400	2.51
5100	500	4.5
5100	600	9.67
5100	700	14.71
5100	800	20.4
5100	900	26.5
5100	1000	32.49
5100	1100	37.65
5100	1200	41.81
5100	1300	46.43
5100	1400	49.49
5100	1500	52.88
5100	1600	54.67
5100	1700	57.42
5100	1800	60.88
5100	1900	61.99
5100	2000	63.98
5100	2100	65.57
5100	2200	66.3
5100	2300	67.49
5100	2400	68.53
5100	2500	69.41
5100	2600	70.41
5100	2700	70.97
5100	2800	71.78
5100	2900	72.22
5100	3000	73.03
5100	3100	72.41
5100	3200	72.77
5100	3300	73.85
5100	3400	73.19
5100	3500	73.33
5100	3600	74.21
5100	3700	74.29
5100	3800	74.16
5100	3900	74.56
5100	4000	74.3
5100	4100	73.81
5100	4200	74.95
5100	4300	74.49
5100	4400	73.76
5100	4500	74.45
5100	4600	74.45
5100	4700	74.41
5100	4800	74.68
5100	4900	72.77
5100	5000	71.18
5200	100	0
5200	200	0.03
5200	300	0.44
5200	400	2.16
5200	500	4.42
5200	600	8.06
5200	700	13.48
5200	800	18.91
5200	900	25.42
5200	1000	30.18
5200	1100	35
5200	1200	40.58
5200	1300	43.94
5200	1400	48.48
5200	1500	51.68
5200	1600	53.61
5200	1700	56.55
5200	1800	58.75
5200	1900	61.12
5200	2000	62.84
5200	2100	64.84
5200	2200	65.74
5200	2300	67.29
5200	2400	68.17
5200	2500	68.63
5200	2600	70.07
5200	2700	71.39
5200	2800	71.67
5200	2900	71.83
5200	3000	72.48
5200	3100	73.05
5200	3200	73.84
5200	3300	74.01
5200	3400	73.67
5200	3500	73.14
5200	3600	73.9
5200	3700	74.94
5200	3800	74.36
5200	3900	74.64
5200	4000	74.6
5200	4100	74.55
5200	4200	74.95
5200	4300	74.7
5200	4400	74.62
5200	4500	74.41
5200	4600	75.09
5200	4700	74.37
5200	4800	74.8
5200	4900	74.42
5200	5000	72.67
5200	5100	71.92
5300	100	0
5300	200	0.1
5300	300	0.59
5300	400	1.87
5300	500	4.18
5300	600	7.55
5300	700	12.37
5300	800	18.02
5300	900	23.15
5300	1000	28.89
5300	1100	34.12
5300	1200	39.19
5300	1300	43.19
5300	1400	46.75
5300	1500	50.92
5300	1600	52.3
5300	1700	55.47
5300	1800	58.89
5300	1900	60
5300	2000	61.64
5300	2100	63.55
5300	2200	64.64
5300	2300	67.13
5300	2400	67.13
5300	2500	69.31
5300	2600	69.85
5300	2700	71.64
5300	2800	72.18
5300	2900	72.27
5300	3000	72.45
5300	3100	72.88
5300	3200	74.21
5300	3300	73.51
5300	3400	74.28
5300	3500	73.91
5300	3600	74.66
5300	3700	74.69
5300	3800	74.67
5300	3900	74.21
5300	4000	75.2
5300	4100	73.59
5300	4200	75.03
5300	4300	74.76
5300	4400	75.51
5300	4500	74.34
5300	4600	75.46
5300	4700	75.7
5300	4800	74.99
5300	4900	74.8
5300	5000	74.16
5300	5100	73.65
5300	5200	71.74
5400	100	0
5400	200	0.05
5400	300	0.44
5400	400	1.61
5400	500	3.71
5400	600	7
5400	700	11.54
5400	800	16.18
5400	900	21.88
5400	1000	26.44
5400	1100	32.27
5400	1200	36.65
5400	1300	41.19
5400	1400	44.92
5400	1500	47.81
5400	1600	51.22
5400	1700	54.18
5400	1800	57.16
5400	1900	59.39
5400	2000	61.2
5400	2100	62.6
5400	2200	64.37
5400	2300	66.49
5400	2400	67.28
5400	2500	68.44
5400	2600	70.08
5400	2700	70.56
5400	2800	70.89
5400	2900	71.8
5400	3000	73.43
5400	3100	73.03
5400	3200	73.41
5400	3300	73.94
5400	3400	74.21
5400	3500	75.1
5400	3600	75.14
5400	3700	75.24
5400	3800	74.72
5400	3900	75.22
5400	4000	75.75
5400	4100	75.69
5400	4200	75.14
5400	4300	75.22
5400	4400	74.48
5400	4500	75.51
5400	4600	75.5
5400	4700	75.98
5400	4800	75.06
5400	4900	75.05
5400	5000	75.04
5400	5100	74.94
5400	5200	73.29
5400	5300	72.69
5500	100	0
5500	200	0.05
5500	300	0.45
5500	400	1.37
5500	500	3.19
5500	600	6.86
5500	700	10.07
5500	800	15.76
5500	900	20.87
5500	1000	25.35
5500	1100	30.34
5500	1200	34.25
5500	1300	40.84
5500	1400	43.64
5500	1500	46.48
5500	1600	49.47
5500	1700	52.44
5500	1800	55.13
5500	1900	57.05
5500	2000	60.1
5500	2100	61.24
5500	2200	62.93
5500	2300	65.17
5500	2400	66.85
5500	2500	66.89
5500	2600	68.54
5500	2700	69.82
5500	2800	70.56
5500	2900	71.84
5500	3000	72.5
5500	3100	72.85
5500	3200	74.24
5500	3300	73.87
5500	3400	74.84
5500	3500	74.56
5500	3600	75.33
5500	3700	74.64
5500	3800	74.44
5500	3900	75.32
5500	4000	74.58
5500	4100	74.94
5500	4200	75.62
5500	4300	75.37
5500	4400	75.78
5500	4500	76.18
5500	4600	76.61
5500	4700	76.03
5500	4800	76.01
5500	4900	75.29
5500	5000	74.98
5500	5100	75.34
5500	5200	75.17
5500	5300	73.58
5500	5400	70.91
5600	100	0
5600	200	0.04
5600	300	0.23
5600	400	1.27
5600	500	2.85
5600	600	5.76
5600	700	9.91
5600	800	14.23
5600	900	17.87
5600	1000	23.46
5600	1100	29.54
5600	1200	33.56
5600	1300	38.15
5600	1400	42.05
5600	1500	45.27
5600	1600	48.14
5600	1700	50.94
5600	1800	53.62
5600	1900	56.1
5600	2000	58.7
5600	2100	60
5600	2200	63.02
5600	2300	64.59
5600	2400	65.73
5600	2500	67.62
5600	2600	67.98
5600	2700	69.13
5600	2800	71.75
5600	2900	71.79
5600	3000	72.64
5600	3100	72.93
5600	3200	74.09
5600	3300	74.79
5600	3400	74.12
5600	3500	74.5
5600	3600	75.79
5600	3700	74.45
5600	3800	76.13
5600	3900	75.8
5600	4000	75.77
5600	4100	75.62
5600	4200	75.48
5600	4300	75.2
5600	4400	75.78
5600	4500	76.12
5600	4600	76.22
5600	4700	76.47
5600	4800	75.84
5600	4900	76.46
5600	5000	75.93
5600	5100	75.46
5600	5200	75.72
5600	5300	76.02
5600	5400	74.35
5600	5500	71.99
5700	100	0
5700	200	0.03
5700	300	0.3
5700	400	1.07
5700	500	2.77
5700	600	4.91
5700	700	8.72
5700	800	11.66
5700	900	17.1
5700	1000	21.75
5700	1100	26.31
5700	1200	32.01
5700	1300	35.97
5700	1400	38.86
5700	1500	43.44
5700	1600	47.59
5700	1700	49.73
5700	1800	53.16
5700	1900	55.25
5700	2000	57.59
5700	2100	59.31
5700	2200	60.68
5700	2300	63.35
5700	2400	64.59
5700	2500	66.78
5700	2600	67.98
5700	2700	69.32
5700	2800	70.27
5700	2900	71.13
5700	3000	72.3
5700	3100	72.36
5700	3200	74.48
5700	3300	73.91
5700	3400	74.56
5700	3500	74.97
5700	3600	75.13
5700	3700	75.51
5700	3800	76.14
5700	3900	75.46
5700	4000	75.98
5700	4100	75.49
5700	4200	76.16
5700	4300	76.36
5700	4400	75.98
5700	4500	75.88
5700	4600	76.61
5700	4700	76.47
5700	4800	76.03
5700	4900	75.68
5700	5000	75.84
5700	5100	76.44
5700	5200	76.21
5700	5300	75.71
5700	5400	74.46
5700	5500	73.54
5700	5600	71.8
5800	100	0
5800	200	0.02
5800	300	0.25
5800	400	1.07
5800	500	2.39
5800	600	4.64
5800	700	7.83
5800	800	11.3
5800	900	16.24
5800	1000	19.7
5800	1100	25.1
5800	1200	29.4
5800	1300	34.31
5800	1400	37.1
5800	1500	42.31
5800	1600	44.76
5800	1700	47.67
5800	1800	51.03
5800	1900	53.99
5800	2000	55.89
5800	2100	57.88
5800	2200	60.28
5800	2300	62.57
5800	2400	63.88
5800	2500	64.34
5800	2600	66.92
5800	2700	68.26
5800	2800	70.01
5800	2900	71.49
5800	3000	71.39
5800	3100	72.44
5800	3200	74.01
5800	3300	75.02
5800	3400	75.39
5800	3500	75.4
5800	3600	75.15
5800	3700	75.36
5800	3800	75.88
5800	3900	75.67
5800	4000	76.87
5800	4100	76.29
5800	4200	75.88
5800	4300	76.32
5800	4400	75.7
5800	4500	75.51
5800	4600	76.08
5800	4700	75.86
5800	4800	75.9
5800	4900	76.01
5800	5000	76.07
5800	5100	75.88
5800	5200	75.62
5800	5300	76.26
5800	5400	75.43
5800	5500	74.86
5800	5600	74.77
5800	5700	70.53
5900	100	0
5900	200	0.06
5900	300	0.16
5900	400	0.92
5900	500	2.13
5900	600	4.5
5900	700	7.18
5900	800	11.15
5900	900	14.61
5900	1000	19.08
5900	1100	23.96
5900	1200	27.94
5900	1300	32.83
5900	1400	37
5900	1500	40.29
5900	1600	42.94
5900	1700	47.42
5900	1800	49.67
5900	1900	51.72
5900	2000	55.13
5900	2100	56.97
5900	2200	58.91
5900	2300	61.79
5900	2400	63.8
5900	2500	65.06
5900	2600	67.14
5900	2700	68.42
5900	2800	69.81
5900	2900	70.13
5900	3000	70.68
5900	3100	71.97
5900	3200	73.66
5900	3300	74.28
5900	3400	74.67
5900	3500	75.18
5900	3600	75.57
5900	3700	75.24
5900	3800	75.59
5900	3900	76.11
5900	4000	76.44
5900	4100	76.53
5900	4200	75.91
5900	4300	76.44
5900	4400	75.6
5900	4500	75.97
5900	4600	76.53
5900	4700	76.87
5900	4800	76.24
5900	4900	77.43
5900	5000	76.11
5900	5100	76.74
5900	5200	76.44
5900	5300	76.29
5900	5400	75.91
5900	5500	76.14
5900	5600	74.92
5900	5700	73.43
5900	5800	69.87
6000	100	0
6000	200	0.02
6000	300	0.24
6000	400	0.89
6000	500	1.88
6000	600	3.57
6000	700	6.47
6000	800	9.23
6000	900	13.77
6000	1000	17.69
6000	1100	21.7
6000	1200	24.8
6000	1300	30.53
6000	1400	34.54
6000	1500	38.43
6000	1600	40.88
6000	1700	44.8
6000	1800	47.22
6000	1900	50.3
6000	2000	52.87
6000	2100	55.92
6000	2200	57.28
6000	2300	58.32
6000	2400	62.63
6000	2500	64.14
6000	2600	65.22
6000	2700	67.15
6000	2800	68.21
6000	2900	69.81
6000	3000	71.22
6000	3100	71.28
6000	3200	71.82
6000	3300	73.67
6000	3400	74.43
6000	3500	74.46
6000	3600	75.65
6000	3700	75.79
6000	3800	75.2
6000	3900	75.58
6000	4000	76.04
6000	4100	75.46
6000	4200	76.58
6000	4300	75.89
6000	4400	76.49
6000	4500	75.45
6000	4600	75.44
6000	4700	76.26
6000	4800	76.49
6000	4900	75.58
6000	5000	76.38
6000	5100	76.14
6000	5200	76.03
6000	5300	75.34
6000	5400	75.13
6000	5500	75.32
6000	5600	75.09
6000	5700	73.4
6000	5800	70.61
6000	5900	65.33
